{
  "nbformat": 4,
  "nbformat_minor": 0,
  "metadata": {
    "colab": {
      "provenance": [],
      "authorship_tag": "ABX9TyOihUZ+/WsKL4+j6bMPGmqh",
      "include_colab_link": true
    },
    "kernelspec": {
      "name": "python3",
      "display_name": "Python 3"
    },
    "language_info": {
      "name": "python"
    }
  },
  "cells": [
    {
      "cell_type": "markdown",
      "metadata": {
        "id": "view-in-github",
        "colab_type": "text"
      },
      "source": [
        "<a href=\"https://colab.research.google.com/github/Rockbayo/Machine_Learning/blob/main/Dataset.ipynb\" target=\"_parent\"><img src=\"https://colab.research.google.com/assets/colab-badge.svg\" alt=\"Open In Colab\"/></a>"
      ]
    },
    {
      "cell_type": "code",
      "source": [
        "import numpy as np\n",
        "\n",
        "print(\"DATASET 13. Análisis de Tiempo de Ejecución en Diferentes Métodos\")\n",
        "\n",
        "# Crear un array Numpy.\n",
        "# np.array() se utiliza para crear un array Numpy a partir de una lista de listas.\n",
        "tiempo = np.array([[10, 12, 11, 9, 14, 8],\n",
        "                   [15, 17, 16, 16, 19, 18],\n",
        "                   [20, 22, 21, 25, 23, 22],\n",
        "                   [2, 0, 1, 5, 3, 2],\n",
        "                   [25, 32, 1, 15, 23, 2],\n",
        "                   [30, 12, 21, 5, 43, 32]])\n",
        "\n",
        "# Imprimir el array.\n",
        "print(tiempo)\n",
        "\n",
        "# Obtener el tamaño de la matriz.\n",
        "# .shape devuelve una tupla con las dimensiones del array.\n",
        "print(f\"Tamaño de la Matriz: {tiempo.shape}\")\n",
        "\n",
        "# Obtener el número de dimensiones.\n",
        "# .ndim devuelve el número de dimensiones del array.\n",
        "print(f\"Numero de Dimensiones: {tiempo.ndim}\")\n",
        "\n",
        "# Obtener el número de elementos.\n",
        "# .size devuelve el número total de elementos en el array.\n",
        "print(f\"Numero de Elementos: {tiempo.size}\")\n",
        "\n",
        "# Obtener el primer elemento.\n",
        "# Se accede al primer elemento con índices [0, 0].\n",
        "print(f\"Primer Elemento: {tiempo[0, 0]}\")\n",
        "\n",
        "# Obtener el último elemento.\n",
        "# Se accede al último elemento con índices [-1, -1].\n",
        "print(f\"Ultimo Elemento: {tiempo[-1, -1]}\")\n",
        "\n",
        "# Obtener la primera fila.\n",
        "# Se accede a la primera fila con el índice [0, :].\n",
        "print(f\"Primer Fila: {tiempo[0, :]}\")\n",
        "\n",
        "# Obtener la última columna.\n",
        "# Se accede a la última columna con el índice [:, -1].\n",
        "print(f\"Ultima Columna: {tiempo[:, -1]}\")\n",
        "\n",
        "# Calcular el promedio de los tiempos.\n",
        "# np.mean() calcula el promedio de todos los elementos en el array.\n",
        "prom = np.mean(tiempo)\n",
        "print(f\"El promedio de los tiempos es: {prom:.2f}\")\n",
        "\n",
        "# Calcular la desviación estándar de los tiempos.\n",
        "# np.std() calcula la desviación estándar de los elementos en el array.\n",
        "devstd = np.std(tiempo)\n",
        "print(f\"La desviacion estandar de los tiempos es: {devstd:.2f}\")\n",
        "\n",
        "# Calcular el promedio por método.\n",
        "# np.mean() se utiliza para calcular el promedio de cada método.\n",
        "metodoA = np.array([10, 12, 11])\n",
        "metodoB = np.array([15, 17, 16])\n",
        "metodoC = np.array([20, 22, 21])\n",
        "\n",
        "promA = np.mean(metodoA)\n",
        "promB = np.mean(metodoB)\n",
        "promC = np.mean(metodoC)\n",
        "print(f\"Promedio de A: {promA}, Promedio de B: {promB}, Promedio de C: {promC}\")\n",
        "\n",
        "# Calcular la desviación estándar por método.\n",
        "# np.std() se utiliza para calcular la desviación estándar de cada método.\n",
        "desvA = np.std(metodoA)\n",
        "desvB = np.std(metodoB)\n",
        "desvC = np.std(metodoC)\n",
        "print(f\"Desv_Estandar de A: {desvA:.2f}, Desv_Estandar de B: {desvB:.2f}, Desv_Estandar de C: {desvC:.2f}\")\n",
        "\n",
        "# Calcular la mediana de los tiempos.\n",
        "# np.median() calcula la mediana de los elementos en el array.\n",
        "mediana = np.median(tiempo)\n",
        "print(f\"La mediana de los tiempos es: {mediana}\")\n",
        "\n",
        "# Calcular la varianza de los tiempos.\n",
        "# np.var() calcula la varianza de los elementos en el array.\n",
        "varianza = np.var(tiempo)\n",
        "print(f\"La varianza de los tiempos es: {varianza:.2f}\")\n",
        "\n",
        "# Calcular el percentil 50 de los tiempos.\n",
        "# np.percentile() calcula el percentil especificado de los elementos en el array.\n",
        "percentil = np.percentile(tiempo, 50)\n",
        "print(f\"El percentil 50 de los tiempos es: {percentil}\")\n",
        "\n",
        "# Obtener el valor máximo de los tiempos.\n",
        "# np.max() devuelve el valor máximo de los elementos en el array.\n",
        "maximo = np.max(tiempo)\n",
        "print(f\"El valor maximo de los tiempos es: {maximo}\")\n",
        "\n",
        "# Obtener el valor mínimo de los tiempos.\n",
        "# np.min() devuelve el valor mínimo de los elementos en el array.\n",
        "minimo = np.min(tiempo)\n",
        "print(f\"El valor minimo de los tiempos es: {minimo}\")\n",
        "\n",
        "# Calcular el rango de los tiempos.\n",
        "# El rango se calcula como la diferencia entre el valor máximo y el valor mínimo.\n",
        "rango = np.max(tiempo) - np.min(tiempo)\n",
        "print(f\"El rango de los tiempos es: {rango}\")\n",
        "\n",
        "# Calcular la suma de los tiempos.\n",
        "# np.sum() calcula la suma de todos los elementos en el array.\n",
        "suma = np.sum(tiempo)\n",
        "print(f\"La suma de los tiempos es: {suma}\")\n",
        "\n",
        "# Calcular el producto de los tiempos.\n",
        "# np.prod() calcula el producto de todos los elementos en el array.\n",
        "producto = np.prod(tiempo)\n",
        "print(f\"El producto de los tiempos es: {producto}\")\n",
        "\n",
        "# Calcular la suma por filas y columnas.\n",
        "# np.sum() con el parámetro axis especifica la dirección de la suma.\n",
        "suma_filas = np.sum(tiempo, axis=0)\n",
        "suma_columnas = np.sum(tiempo, axis=1)\n",
        "print(f\"Suma por filas: {suma_filas}, Suma por columnas: {suma_columnas}\")\n",
        "\n",
        "# Obtener la matriz transpuesta.\n",
        "# np.transpose() devuelve la transpuesta del array.\n",
        "transpuesta = np.transpose(tiempo)\n",
        "print(\"Matriz transpuesta:\")\n",
        "print(transpuesta)\n",
        "\n",
        "# Calcular el determinante de la matriz.\n",
        "# np.linalg.det() calcula el determinante del array.\n",
        "determinante = np.linalg.det(tiempo)\n",
        "print(f\"Determinante de la matriz: {determinante:.0f}\")\n",
        "\n",
        "# Calcular la matriz inversa.\n",
        "# np.linalg.inv() calcula la inversa de la matriz.\n",
        "inversa = np.linalg.inv(tiempo)\n",
        "print(f\"Matriz inversa: \")\n",
        "print(inversa)\n",
        "\n",
        "# Calcular la traza de la matriz.\n",
        "# np.trace() calcula la suma de los elementos en la diagonal principal.\n",
        "traza = np.trace(tiempo)\n",
        "print(f\"La traza de la matriz es: {traza}\")\n",
        "\n",
        "# Calcular el rango de la matriz.\n",
        "# np.linalg.matrix_rank() calcula el rango de la matriz.\n",
        "rango_matriz = np.linalg.matrix_rank(tiempo)\n",
        "print(f\"El rango de la matriz es: {rango_matriz}\")\n",
        "\n",
        "# Calcular los valores propios de la matriz.\n",
        "# np.linalg.eigvals() calcula los valores propios de la matriz.\n",
        "valores_propios = np.linalg.eigvals(tiempo)\n",
        "print(\"Valores propios de la matriz:\")\n",
        "print(valores_propios)\n",
        "\n",
        "# Calcular los vectores propios de la matriz.\n",
        "# np.linalg.eig() calcula los valores y vectores propios de la matriz.\n",
        "valores_propios, vectores_propios = np.linalg.eig(tiempo)\n",
        "print(\"Vectores propios de la matriz:\")\n",
        "print(vectores_propios)\n",
        "\n",
        "# Calcular la matriz de covarianza.\n",
        "# np.cov() calcula la matriz de covarianza.\n",
        "covarianza = np.cov(tiempo)\n",
        "print(\"Matriz de covarianza:\")\n",
        "print(covarianza)"
      ],
      "metadata": {
        "colab": {
          "base_uri": "https://localhost:8080/"
        },
        "id": "rDDBgu8SRVfE",
        "outputId": "89976944-1ca4-42b6-f30c-5ef2b332da35"
      },
      "execution_count": 4,
      "outputs": [
        {
          "output_type": "stream",
          "name": "stdout",
          "text": [
            "DATASET 13. Análisis de Tiempo de Ejecución en Diferentes Métodos\n",
            "[[10 12 11  9 14  8]\n",
            " [15 17 16 16 19 18]\n",
            " [20 22 21 25 23 22]\n",
            " [ 2  0  1  5  3  2]\n",
            " [25 32  1 15 23  2]\n",
            " [30 12 21  5 43 32]]\n",
            "Tamaño de la Matriz: (6, 6)\n",
            "Numero de Dimensiones: 2\n",
            "Numero de Elementos: 36\n",
            "Primer Elemento: 10\n",
            "Ultimo Elemento: 32\n",
            "Primer Fila: [10 12 11  9 14  8]\n",
            "Ultima Columna: [ 8 18 22  2  2 32]\n",
            "El promedio de los tiempos es: 15.33\n",
            "La desviacion estandar de los tiempos es: 10.21\n",
            "Promedio de A: 11.0, Promedio de B: 16.0, Promedio de C: 21.0\n",
            "Desv_Estandar de A: 0.82, Desv_Estandar de B: 0.82, Desv_Estandar de C: 0.82\n",
            "La mediana de los tiempos es: 15.5\n",
            "La varianza de los tiempos es: 104.17\n",
            "El percentil 50 de los tiempos es: 15.5\n",
            "El valor maximo de los tiempos es: 43\n",
            "El valor minimo de los tiempos es: 0\n",
            "El rango de los tiempos es: 43\n",
            "La suma de los tiempos es: 552\n",
            "El producto de los tiempos es: 0\n",
            "Suma por filas: [102  95  71  75 125  84], Suma por columnas: [ 64 101 133  13  98 143]\n",
            "Matriz transpuesta:\n",
            "[[10 15 20  2 25 30]\n",
            " [12 17 22  0 32 12]\n",
            " [11 16 21  1  1 21]\n",
            " [ 9 16 25  5 15  5]\n",
            " [14 19 23  3 23 43]\n",
            " [ 8 18 22  2  2 32]]\n",
            "Determinante de la matriz: -657800\n",
            "Matriz inversa: \n",
            "[[-1.12192156e-01 -6.46093037e-01  4.95560961e-01 -3.33384007e-01\n",
            "   1.81818182e-02  7.04773487e-02]\n",
            " [-1.18577075e-02  2.56916996e-01 -1.54940711e-01 -4.74308300e-02\n",
            "   1.81818182e-02 -3.32015810e-02]\n",
            " [ 1.55822438e-01 -3.24870781e-01  2.11720888e-01 -2.03633323e-01\n",
            "  -3.63636364e-02  1.32259045e-02]\n",
            " [ 1.67224080e-03  1.50501672e-02 -2.50836120e-03  1.79765886e-01\n",
            "   9.15847798e-19 -1.83946488e-02]\n",
            " [ 1.47157191e-01  3.24414716e-01 -3.20735786e-01  3.19397993e-01\n",
            "  -8.93514825e-18 -1.87290970e-02]\n",
            " [-1.90635452e-01  2.84280936e-01 -1.14046823e-01  6.68896321e-03\n",
            "   1.79447397e-18 -3.01003344e-03]]\n",
            "La traza de la matriz es: 108\n",
            "El rango de la matriz es: 6\n",
            "Valores propios de la matriz:\n",
            "[90.94660492 +0.j          6.69465012+12.80772548j\n",
            "  6.69465012-12.80772548j -3.55068722 +0.j\n",
            "  5.41295424 +0.j          1.80182783 +0.j        ]\n",
            "Vectores propios de la matriz:\n",
            "[[ 0.2525493 +0.j          0.1220077 +0.00689988j  0.1220077 -0.00689988j\n",
            "   0.6518094 +0.j         -0.04752774+0.j          0.59736364+0.j        ]\n",
            " [ 0.4072048 +0.j          0.06476492+0.30777165j  0.06476492-0.30777165j\n",
            "  -0.01941142+0.j         -0.44563453+0.j         -0.2701064 +0.j        ]\n",
            " [ 0.51749384+0.j          0.14943299+0.41216975j  0.14943299-0.41216975j\n",
            "  -0.2688446 +0.j         -0.20374823+0.j          0.53366273+0.j        ]\n",
            " [ 0.03774521+0.j         -0.08125602+0.00929644j -0.08125602-0.00929644j\n",
            "   0.01098063+0.j          0.52778843+0.j          0.01035252+0.j        ]\n",
            " [ 0.31924625+0.j          0.20978637-0.48364002j  0.20978637+0.48364002j\n",
            "  -0.61319944+0.j          0.49486813+0.j         -0.28673966+0.j        ]\n",
            " [ 0.63187052+0.j         -0.63978712+0.j         -0.63978712-0.j\n",
            "   0.35546611+0.j         -0.48392411+0.j         -0.45064009+0.j        ]]\n",
            "Matriz de covarianza:\n",
            "[[ 4.66666667e+00  1.33333333e+00 -1.33333333e-01 -9.33333333e-01\n",
            "   1.45333333e+01  1.05333333e+01]\n",
            " [ 1.33333333e+00  2.16666667e+00  8.33333333e-01  3.33333333e-02\n",
            "  -3.33333333e-01  1.11666667e+01]\n",
            " [-1.33333333e-01  8.33333333e-01  2.96666667e+00  2.16666667e+00\n",
            "   1.33333333e-01 -9.36666667e+00]\n",
            " [-9.33333333e-01  3.33333333e-02  2.16666667e+00  2.96666667e+00\n",
            "  -2.66666667e+00 -2.16666667e+00]\n",
            " [ 1.45333333e+01 -3.33333333e-01  1.33333333e-01 -2.66666667e+00\n",
            "   1.61466667e+02 -1.05333333e+01]\n",
            " [ 1.05333333e+01  1.11666667e+01 -9.36666667e+00 -2.16666667e+00\n",
            "  -1.05333333e+01  1.94966667e+02]]\n"
          ]
        }
      ]
    },
    {
      "cell_type": "code",
      "source": [],
      "metadata": {
        "id": "YaiiW22ZazXJ"
      },
      "execution_count": null,
      "outputs": []
    }
  ]
}